 2    01    Alabama                     568961     62047     61810     60626     59838     60571     61071     62130     62443     63232     15193
  2    02    Alaska                       98976      9913      9821      9994     10066     10365     10918     11333     11749     11790      3027
  2    04    Arizona                     670677     78120     77737     76022     74589     71150     69997     68652     69111     68676     16623
  2    05    Arkansas                    330123     36882     36785     36561     35879     34944     34348     34653     35425     35918      8728
  2    06    California                 5227258    522160    523712    531990    545292    558891    580029    588764    613922    610644    151854
  2    08    Colorado                    513908     59709     57861     56595     55189     54009     53941     54247     54689     53705     13963
  2    09    Connecticut                 423922     43499     42961     43906     44622     45029     46194     47063     48307     49566     12775
  2    10    Delaware                     97768     10591     10335     10196     10195     10346     10416     10683     10899     11276      2831
  2    11    District_of_Columbia         87167      7668      7577      8202      8577      9259     10305     10097     11020     11722      2740
  2    12    Florida                    1781648    195784    194970    192231    187843    188845    192564    191930    192708    197279     47494
  2    13    Georgia                    1053424    122385    120598    116310    111889    111782    110512    110787    110697    111157     27307
  2    15    Hawaii                      173388     17548     17245     17527     18264     18723     19783     19457     19933     20040      4868
  2    16    Idaho                       166298     19414     18963     18686     18465     17535     17541     17536     16930     16839      4389
  2    17    Illinois                   1735493    182732    180835    182809    183460    188297    188894    191861    192966    194604     49035
  2    18    Indiana                     779368     85266     84426     83596     83037     82975     83068     84377     85138     86052     21433
  2    19    Iowa                        349191     37371     37080     37177     36711     36979     37353     38428     39044     39073      9975
  2    20    Kansas                      348226     38463     37996     37030     36536     37514     36928     37741     38129     38153      9736
  2    21    Kentucky                    494758     54438     54093     53159     52424     53311     52701     53304     53756     54247     13325
  2    22    Louisiana                   629286     66740     67058     65513     64522     66981     68280     69752     71858     71581     17001
  2    23    Maine                       137791     13793     13592     13800     13877     14142     14760     15600     16528     17070      4629
  2    24    Maryland                    687293     71782     70459     70809     71113     73334     74203     75940     79201     80281     20171
  2    25    Massachusetts               778803     81719     80656     80273     80631     82893     83884     85982     87937     90701     24127
  2    26    Michigan                   1287572    133852    132212    133904    133113    136404    137840    142343    147022    151340     39542
  2    27    Minnesota                   603264     65332     64114     64819     63414     63798     64632     65241     66906     67126     17882
  2    28    Mississippi                 389349     42885     42651     41153     40629     41864     41592     42720     42868     42838     10149
  2    29    Missouri                    697038     75376     74737     73917     73349     73066     74082     76000     77735     79066     19710
  2    30    Montana                     103358     10814     10640     10921     11088     10979     11288     11306     11714     11497      3111
  2    31    Nebraska                    217510     23592     23477     23425     23257     23206     23058     23147     23971     24159      6218
  2    32    Nevada                      227622     28727     27983     26465     25699     24571     23165     21782     22190     21804      5236
  2    33    New_Hampshire               142027     14660     14429     14494     14640     14991     15201     15778     16120     16977      4737
  2    34    New_Jersey                 1079022    111487    111379    114028    114076    116866    116728    119360    121194    122607     31297
  2    35    New_Mexico                  254934     27855     27392     27100     27203     27185     27680     27906     28059     27649      6905
  2    36    New_York                   2539280    255508    254135    260136    267168    274961    279618    285662    291409    295258     75425
  2    37    North_Carolina              967386    111720    109766    105343    102467    101658    101244    102132    103441    103910     25705
  2    38    North_Dakota                 78833      7943      8096      8341      8416      8518      8654      8666      8736      9097      2366
  2    39    Ohio                       1454713    152744    151324    152493    152026    155284    156198    161631    164166    166737     42110
  2    40    Oklahoma                    437373     49424     49139     47262     45247     45435     46007     46920     48552     47652     11735
  2    41    Oregon                      399411     45354     44341     43821     43465     42550     41608     41619     42605     42811     11237
  2    42    Pennsylvania               1438566    145840    144275    145611    149653    154233    157834    162457    165554    169863     43246
  2    44    Rhode_Island                125103     12628     12389     12554     12892     13011     13735     14271     14601     15104      3918
  2    45    South_Carolina              498067     53894     53322     51704     50865     51357     52685     55035     56660     58558     13987
  2    46    South_Dakota                 98048     10300     10069     10529     10411     10418     10630     10857     11120     10898      2816
  2    47    Tennessee                   687916     77486     76270     74040     73108     73566     72941     73123     74235     74772     18375
  2    48    Texas                      3025567    342911    341870    334322    326344    322081    322550    321136    321110    315976     77267
  2    49    Utah                        369419     45261     43965     42785     40700     39189     37785     36852     36926     36392      9564
  2    50    Vermont                      67101      6604      6505      6763      6763      7170      7350      7520      7912      8304      2210
  2    51    Virginia                    872681     94189     92188     92504     91190     93391     93955     95345     97022     98038     24859
  2    53    Washington                  729025     79837     79615     77267     77287     77291     78114     78906     80645     79381     20682
  2    54    West_Virginia               198388     20438     20294     20886     20989     21424     21570     22048     22471     22686      5582
  2    55    Wisconsin                   637733     67521     66275     66388     67158     67960     69162     70494     71521     72332     18922
  2    56    Wyoming                      60099      6266      6122      6444      6331      6350      6540      6551      6834      6827      1834