  4    01    Alabama                      14173      1590      1643      1743      1470      1732      1488      1594      1346      1292       275
  4    02    Alaska                        8843       963      1059      1149       974       960       810      1048       816       871       193
  4    04    Arizona                     106150     11634     11768     12886     12627     11492     11707     11692     10277      9584      2483
  4    05    Arkansas                     10204      1330      1333      1521      1306      1029       983      1043       762       710       187
  4    06    California                 2280354    248490    258572    274728    228609    216954    243823    275299    258605    217159     58115
  4    08    Colorado                     65380      8639      8763      9420      8605      7896      6120      5831      5244      3788      1074
  4    09    Connecticut                  73389      8259      8062      8870      8935      8459      7385      7771      7343      6283      2022
  4    10    Delaware                      9260      1160      1194      1345      1138      1003       784       878       897       719       142
  4    11    District_of_Columbia         29967      2941      3041      3389      3420      2684      3017      3461      3628      3556       830
  4    12    Florida                     640109     80463     72884     85717     94015     83104     60011     54541     52015     46942     10417
  4    13    Georgia                     105839     14776     14278     14327     12343     12373      9403      9447      9289      7648      1955
  4    15    Hawaii                       54227      4721      4672      6473      6473      6238      5884      6367      5838      6178      1383
  4    16    Idaho                        18044      2866      2649      2180      2041      2068      1872      1562      1392      1094       320
  4    17    Illinois                    384026     47172     46559     48165     40612     37332     42424     43954     39905     30154      7749
  4    18    Indiana                      29053      4801      4329      4243      3458      3340      2513      2386      1877      1702       404
  4    19    Iowa                         21151      3398      2992      2703      2680      2339      1892      1675      1721      1350       401
  4    20    Kansas                       28233      4110      3971      4413      3000      2681      2510      2598      2340      2033       577
  4    21    Kentucky                     15863      2339      2172      1981      1843      1721      1428      1635      1306      1206       232
  4    22    Louisiana                    25910      2267      2432      2732      2946      2984      2409      2797      3090      3444       809
  4    23    Maine                         3895       527       457       523       491       450       317       352       379       330        69
  4    24    Maryland                    131871     17174     17678     19416     17422     12182     10689     13918     10167     10312      2913
  4    25    Massachusetts               147834     14939     14466     15915     16661     18103     16138     17603     16086     13588      4335
  4    26    Michigan                     99735     13576     13388     15538     12754     10387      8054      9216      8959      6482      1381
  4    27    Minnesota                    55173      7877      7270      7635      5838      5994      5000      5315      5378      3858      1008
  4    28    Mississippi                   6887       791       868      1056       864       743       554       629       584       630       168
  4    29    Missouri                     38351      5266      5100      5527      4327      4352      3940      3333      3424      2392       690
  4    30    Montana                       2750       231       272       318       342       381       336       293       297       255        25
  4    31    Nebraska                     15138      2003      1953      2103      2046      1754      1400      1391      1224      1018       246
  4    32    Nevada                       55570      9097      8733      9042      7035      5377      4272      4048      3719      3432       815
  4    33    New_Hampshire                 6995      1133       907       857       930       731       546       616       636       544        95
  4    34    New_Jersey                  377830     39749     38898     47337     48876     43105     38597     41327     38888     32097      8956
  4    35    New_Mexico                   38267      4170      4215      5067      5035      4228      3961      4126      3627      3086       752
  4    36    New_York                   1107814    103745    107312    128181    128213    116392    116885    135480    129776    112027     29803
  4    37    North_Carolina               58122      8261      7960      7227      6661      5901      5798      6261      5209      3871       973
  4    38    North_Dakota                  5305       854       773       744       472       646       511       519       417       309        60
  4    39    Ohio                         52922      6476      6218      6826      6730      6281      4794      5545      5673      3412       967
  4    40    Oklahoma                     28636      3510      3629      3854      3571      3132      2617      2723      2732      2283       585
  4    41    Oregon                       66243      8126      8376      9044      7123      7278      7014      6737      6194      5022      1329
  4    42    Pennsylvania                114753     13038     12814     14274     13286     12892     11655     11891     12570      9429      2904
  4    44    Rhode_Island                 16339      1553      1499      2136      1927      1889      1738      2002      1763      1388       444
  4    45    South_Carolina               18564      2458      2756      2702      2212      1989      1543      1641      1496      1413       354
  4    46    South_Dakota                  4890       790       676       685       689       427       497       462       385       232        47
  4    47    Tennessee                    30289      4145      4067      4333      3637      3340      3123      3339      2018      1926       361
  4    48    Texas                       715420     81934     83179     91543     88366     73274     74492     77691     71738     57563     15640
  4    49    Utah                         30340      4330      4297      4308      3903      3623      2497      2555      2127      2129       571
  4    50    Vermont                       4959       928       760       651       518       412       339       472       413       356       110
  4    51    Virginia                    145733     18540     18463     19898     18437     14004     12306     13934     13947     12981      3223
  4    53    Washington                  146830     21360     21249     20824     16558     15169     14340     13501     12393      9120      2316
  4    54    West_Virginia                 3465       238       272       329       403       465       409       380       569       286       114
  4    55    Wisconsin                    24969      2633      2742      3316      2164      3175      3166      2831      2738      1761       443
  4    56    Wyoming                       2014       170       199       256       283       251       217       170       235       185        48