3    01    Alabama                     387158     43831     43355     42850     43230     41559     42157     40628     40313     39569      9666
  3    02    Alaska                       22291      2614      2604      2479      2609      2448      2384      2385      2125      2162       481
  3    04    Arizona                     317200     38971     37750     37045     36955     34360     33800     32681     29837     28987      6814
  3    05    Arkansas                    244180     27454     27408     27346     27075     26139     26721     25915     25269     24651      6202
  3    06    California                 2039044    225723    224071    222870    225650    221067    223794    216219    215497    212920     51233
  3    08    Colorado                    225699     26853     26219     25943     25106     24784     23837     23222     22481     22159      5095
  3    09    Connecticut                 268782     29991     29514     30024     29356     29340     29441     28426     28287     27744      6659
  3    10    Delaware                     58165      6677      6600      6638      6376      6333      6217      6108      6000      5869      1347
  3    11    District_of_Columbia         59836      5893      5836      6260      6468      6677      6711      6681      6545      7106      1659
  3    12    Florida                    1370234    159752    157354    152513    153554    150687    147397    143495    139084    133725     32673
  3    13    Georgia                     525580     60930     60363     58518     59418     57063     56454     55232     52996     52033     12573
  3    15    Hawaii                       67676      7431      7463      7795      7734      7420      7226      7286      6802      6848      1671
  3    16    Idaho                        77951      9212      9093      8990      8633      8458      8368      8076      7860      7462      1799
  3    17    Illinois                    971944    105779    104093    104652    106867    107025    107873    104652    103293    102854     24856
  3    18    Indiana                     482740     53781     53341     53530     53173     52275     53436     50749     50693     49624     12138
  3    19    Iowa                        256794     28750     28061     28090     28252     27600     28028     27580     27147     27017      6269
  3    20    Kansas                      215686     24209     23736     24082     24048     23231     23747     23037     22328     21980      5288
  3    21    Kentucky                    340897     38072     37725     37968     37446     36848     37759     36204     35492     34736      8647
  3    22    Louisiana                   362228     40555     40449     39242     39828     39277     39716     38550     38297     37417      8897
  3    23    Maine                       107664     12164     11924     11946     11743     11773     11650     11442     11121     11197      2704
  3    24    Maryland                    375178     42690     41947     42207     41037     41283     40255     39805     38608     38105      9241
  3    25    Massachusetts               506880     55894     55142     55605     55112     55708     54904     54993     54084     52472     12966
  3    26    Michigan                    763166     85878     84559     83766     83490     82877     83572     81281     79896     78760     19087
  3    27    Minnesota                   338093     37813     37369     37294     37572     37030     36719     35844     35433     34874      8145
  3    28    Mississippi                 246225     27820     27548     26930     27373     26327     27141     25970     25966     25094      6056
  3    29    Missouri                    492127     55413     54454     54534     54241     53607     54159     52574     51386     49707     12052
  3    30    Montana                      69332      8066      7883      7758      7683      7424      7477      7263      7134      7000      1644
  3    31    Nebraska                    139754     15437     15349     15478     15375     15058     15414     14746     14883     14566      3448
  3    32    Nevada                      110437     14653     13907     13342     12949     12141     11468     10610      9856      9264      2247
  3    33    New_Hampshire                83680      9564      9427      9635      9255      9145      8843      8845      8472      8416      2078
  3    34    New_Jersey                  667367     71578     71462     73826     73090     74317     72500     72950     70982     69746     16916
  3    35    New_Mexico                  111862     13550     13030     12495     12619     12393     11784     11548     11097     10790      2556
  3    36    New_York                   1519562    154274    155578    163152    166338    170011    168500    169412    166300    165804     40193
  3    37    North_Carolina              586354     68064     66894     65914     65828     64056     62719     61623     59666     57864     13726
  3    38    North_Dakota                 54150      6015      5817      6118      6030      5970      5956      5788      5627      5449      1380
  3    39    Ohio                        957171    106354    105095    106263    105676    104322    105029    100934    100986     98500     24012
  3    40    Oklahoma                    298499     34074     33858     33437     32943     32148     32713     31386     30627     29928      7385
  3    41    Oregon                      255204     29587     28923     29301     28812     27779     27691     26680     25296     25027      6108
  3    42    Pennsylvania               1163384    127247    125991    130196    126513    126744    127366    124877    123479    121275     29696
  3    44    Rhode_Island                 89187      9769      9668      9939      9579      9541      9580      9848      9363      9538      2362
  3    45    South_Carolina              301259     34966     34384     33749     33890     33104     32220     31570     30308     29800      7268
  3    46    South_Dakota                 62765      6984      6930      6811      6845      6911      6854      6779      6686      6435      1530
  3    47    Tennessee                   463719     53545     53133     52033     51760     50494     50502     48280     46818     45928     11226
  3    48    Texas                      1254005    143294    142743    140467    141016    135554    136893    131501    128271    123803     30463
  3    49    Utah                         98393     11915     11859     11248     11047     10582     10433     10036      9615      9479      2179
  3    50    Vermont                      44797      4910      4963      4999      4893      4927      4814      4913      4666      4601      1111
  3    51    Virginia                    477233     53825     53254     54137     52786     52122     51618     50553     49260     48241     11437
  3    53    Washington                  372964     43226     42385     42495     41200     40517     39665     39910     37578     37046      8942
  3    54    West_Virginia               184750     19027     19674     20879     20407     19972     20470     19874     20218     19462      4767
  3    55    Wisconsin                   412353     46617     45788     45402     45424     44298     45381     43703     42814     42765     10161
  3    56    Wyoming                      32704      3882      3826      3742      3614      3637      3498      3363      3273      3107       762