Alabama                      743         44,215         42,180          2,002            373         12,224          5,534          1,168          3,346
Alaska                       243          3,629          2,489          1,990          2,490          1,989          1,198            800          1,323
Arizona                      945         14,919          5,354          4,720          7,561         39,171         10,863         15,963         10,281
Arkansas                     176          7,250          3,508            853            642         14,477          3,498          4,916          7,584
California                 9,403         71,766         27,354         54,098         24,342        109,546         28,099         21,628         23,332

Colorado                   1,023         15,102          5,192          4,868          4,400         20,502          6,703         11,143         16,476
Connecticut                1,463         15,854          4,209          1,442            352          7,288          2,352          1,256          1,501
Delaware                     430          3,584          1,176            234            169          1,556            782            317            427
DistrictOfColumbia              -          3,287          1,888            499            107          2,341            824            551            496
Florida                    5,525              -         91,891          9,683          2,563        102,286         58,374         13,530          9,812

Georgia                    2,525        119,073              -          4,050            959         28,820         14,151          4,349          5,930
Hawaii                       592          6,668          3,753              -          1,220          4,312          1,684            794          1,893
Idaho                         68          1,763            664          1,028              -          1,824            639          1,176          1,085
Illinois                   1,921         35,376         11,214          3,968          1,346              -         45,547         32,490          9,220
Indiana                      629         26,447          7,015          1,876            782         76,458              -          5,828          3,961

Iowa                         348          4,513          1,696            760            702         30,316          3,754              -          5,350
Kansas                       299          5,594          4,088          1,386          1,076         11,383          3,975          8,899              -
Kentucky                     653         20,125          9,814          1,713            468         16,587         28,782          2,194          2,446
Louisiana                    628         13,255          6,577          1,628            307          7,263          2,855          1,047          2,750
Maine                        418          7,434          1,245          1,043            170          1,815            887            436            489

Maryland                  70,259         26,076          9,840          4,609            822         10,467          4,654          2,016          2,924
Massachusetts              3,029         24,039          5,586          2,324            557         12,439          3,664          1,949          1,696
Michigan                   1,029         37,601         10,197          2,577          1,235         42,367         30,354          5,725          4,468
Minnesota                    570          8,557          2,577          1,703          1,495         24,936          5,893         24,608          8,915
Mississippi                  237         10,237          5,890            817            228         11,927          2,759            858          1,408

Missouri                     621         15,049          6,483          2,025          1,511         57,980         10,474         21,807         52,458
Montana                       75          1,584            494            541          4,581          1,706            660          1,091            956
Nebraska                     216          2,620          1,311          1,221            918          5,843          1,618         20,773          9,637
Nevada                       316          7,940          1,550          3,994          8,403         11,154          3,157          2,488          2,168
NewHampshire                363          6,588          1,077            547            260          2,450            904            446            544

NewJersey                 2,460         29,992          8,196          1,841            587         12,821          3,879          1,762          1,818
NewMexico                   406          4,755          1,490          1,314          1,769          5,274          1,718          1,871          3,416
NewYork                   8,380         64,214         13,656          4,413          1,549         22,088          7,396          3,965          3,792
NorthCarolina             5,615         67,399         36,314          6,047            947         18,403         10,713          4,002          4,645
NorthDakota                  76            988            365            387            375          1,117            607          1,131            656

Ohio                       1,829         51,789         15,374          2,913          1,128         31,607         36,547          5,050          5,024
Oklahoma                     445          7,537          4,030          1,735            815          7,235          3,232          3,458         19,309
Oregon                       448          4,842          1,787          5,210         17,133          5,537          1,793          1,957          2,670
Pennsylvania               3,624         38,888         10,800          2,975          1,240         16,847          8,350          2,762          3,973
RhodeIsland                 477          4,439            981            586             95          1,958            470            290            344

SouthCarolina             2,048         34,553         35,827          2,887          1,051         10,470          5,699          1,645          1,985
SouthDakota                  57            780            476            291            595          1,691            560          6,929          1,386
Tennessee                    844         38,082         33,025          2,007            719         27,140         15,421          2,933          3,931
Texas                      2,962         55,878         25,364         10,332          4,389         57,371         21,270         15,590         30,202
Utah                         101          3,671          1,304          1,737         18,455          2,788          1,201          1,274          1,620

Vermont                      324          3,053            508            223            180          1,015            524            224            263
Virginia                  26,107         55,125         24,032         10,326          1,856         23,030         10,439          3,805          6,551
Washington                 1,354         12,518          6,364         11,885         31,111         13,672          4,330          5,218          6,016
WestVirginia                748          8,588          1,990            243            148          2,042          1,828            496            492
Wisconsin                    450         10,818          3,479          1,460            780         75,069          9,222         13,038          3,399
Wyoming                       16            877            295            198          2,160          1,320            713          1,024          1,295