Alabama                   29,006              -          1,641          2,374          3,719         15,440          3,589          1,753            490
Alaska                    21,476          1,579              -          2,753            995         11,493          4,219            315            122
Arizona                  192,123          2,349          5,273              -          3,830        136,465         38,514          5,028            664
Arkansas                  32,838          2,846            988          3,825              -         20,797          3,590            643            149
California               286,307         13,357         23,124        109,134         16,183              -         99,461         22,615          2,433

Colorado                  96,360          3,007          4,000         19,962          3,147         62,397              -          3,219            628
Connecticut               26,829          1,474            562          2,545            501         16,870          4,182              -            695
Delaware                   6,593            395            160            512            440          2,783            861          1,442              -
DistrictOfColumbia        12,173            573            128            568            231          6,559            955          2,617            542
Florida                  264,167         49,366          5,058         14,994         10,756         94,940         24,379         58,462          6,212

Georgia                  125,331         53,246          2,843          6,293          6,592         37,396          9,723          8,038          1,200
Hawaii                    61,864          1,683          3,977          3,988            706         44,862          5,105          1,291            252
Idaho                     42,852            280          3,856          4,832            819         26,887          5,584            478            116
Illinois                 115,839          5,644          2,004         14,446          8,438         60,827         17,023          6,454          1,003
Indiana                   50,161          3,938          1,269          7,665          3,921         23,787          6,217          2,913            451

Iowa                      31,394            745            732          5,373          2,662         12,861          8,238            677            106
Kansas                    49,940          2,194          1,466          5,513          5,436         19,167         15,057            998            109
Kentucky                  29,339          5,144          1,004          2,668          2,295         12,288          4,324          1,053            563
Louisiana                 43,365          7,561          1,027          2,040          9,520         17,786          4,265            939            227
Maine                     21,105            524          1,158          1,241            365          6,191          1,698          9,621            307

Maryland                  65,731          3,782          1,442          4,318          1,306         28,666          6,457          7,111         12,649
Massachusetts             92,016          2,363          1,287          4,384            925         33,916          7,466         40,283          1,392
Michigan                  77,906          6,049          2,958         10,903          4,340         37,198         11,650          3,967            841
Minnesota                 48,577          1,165          2,595          7,376          1,840         22,317         11,064          1,912            308
Mississippi               34,776         14,678            616          1,524          5,888          9,181          1,837            732            320

Missouri                  83,191          3,793          1,459          7,789         18,762         35,765         13,044          2,157            422
Montana                   22,369            182          1,661          2,680            639         11,990          4,765            375             77
Nebraska                  30,440            817            888          3,238          1,417         11,765         11,807            387            121
Nevada                   152,783          1,147          2,687         20,645          1,545        110,985         14,751            829            194
NewHampshire             21,419            475            493          1,394            341          7,168          2,318          9,012            218

NewJersey                59,737          2,526          1,080          4,029            934         29,815          4,827         12,430          4,096
NewMexico                62,324            796          1,402         15,003          1,537         27,437         15,207            712            230
NewYork                 139,835          5,474          2,940          9,807          2,032         64,211         12,408         40,402          2,561
NorthCarolina            79,073         11,394          2,689          6,523          3,975         34,260          7,161         10,290          2,781
NorthDakota               7,836            301            422          1,143            346          3,389          1,995            123            117

Ohio                      83,778          6,958          2,483         11,799          2,906         40,706         10,956          6,655          1,315
Oklahoma                  69,731          2,884          2,133          5,700         17,287         29,654         10,836            716            521
Oregon                   169,886            887         14,034         11,466          2,016        128,797         11,093          1,480            113
Pennsylvania              88,554          3,283          1,646          7,199          1,541         36,401          8,159         16,193         14,132
RhodeIsland              19,580            398            217            844            176          5,918            777         11,042            208

SouthCarolina            42,514          7,356          1,452          2,814          2,613         16,292          3,854          7,049          1,084
SouthDakota              11,093            229            486          1,670            459          4,520          3,616             96             17
Tennessee                 80,224         24,968          1,653          4,901         15,775         23,948          4,970          3,395            614
Texas                    276,061         17,123          6,682         28,364         36,117        135,305         43,342          7,555          1,573
Utah                      66,981            790          1,880         12,297            744         38,356         11,932            824            158

Vermont                   12,513            182            451            552             84          2,850          1,116          7,018            260
Virginia                 115,032         11,009          3,255          7,431          3,903         58,478         11,936         14,899          4,121
Washington               234,965          2,778         30,180         18,421          2,994        155,394         20,715          3,943            540
WestVirginia              8,386            773            365            959            439          3,347          1,044            832            627
Wisconsin                 39,306          1,491          1,752          6,074          2,337         18,308          7,133          1,876            335
Wyoming                   16,746            295            532          1,671            476          5,114          8,492            132             34