Alabama                   10,090          3,977            968          5,358            248          6,294            383         22,089         27,375
Alaska                     1,926          2,866          6,830          1,608            117          1,354            821          1,123          8,295
Arizona                   19,984         11,843         11,268         13,148          1,121          2,547          5,027          3,436         43,671
Arkansas                   3,336         24,039          1,484          1,631            145          1,163            353          9,428         46,592
California                53,725         42,565         80,550         49,590          6,505         13,547          7,697         18,566        203,815

Colorado                  11,238         11,480          6,145          8,644            471          2,301          5,195          3,625         48,042
Connecticut                7,130          1,949            929         12,985          7,413          3,336            339          2,058         12,840
Delaware                   1,977            690            159         22,961            267          1,126             64            759          2,956
DistrictOfColumbia          2,432            493            464          5,249            724          1,828            123          1,007          3,536
Florida                  120,121         18,067          4,564         99,491         14,628         31,017          2,160         36,238        114,454

Georgia                   31,327         10,249          2,310         20,061          1,126         39,840          1,004         43,398         63,898
Hawaii                     3,255          1,961          3,910          3,093            451          2,541            368          1,627         10,816
Idaho                      1,130          1,452         11,925          1,228             56            549            759            405          6,361
Illinois                  29,922          9,570          3,025         14,726          1,307          5,431          1,926         11,560         55,292
Indiana                   45,982          6,018          1,546         10,787            456          3,184            998          9,146         28,543

Iowa                       3,481          3,939          1,320          1,819            114            902          6,189          1,344         14,599
Kansas                     4,927         24,684          1,468          2,884            286          1,335          2,328          2,603         29,655
Kentucky                  40,968          3,045            891          5,304            285          3,819            328         19,858         16,792
Louisiana                  4,209          5,973            803          3,441            504          2,916            485          5,737         55,927
Maine                      2,228            858            642          3,991          2,677          1,339            130            943          3,844

Maryland                  14,901          3,491          1,532         53,037          1,758          7,803            599          5,096         25,169
Massachusett              11,293          2,538          2,201         18,595         21,437          2,565            277          3,140         17,771
Michigan                  46,965          6,912          2,637         11,841            759          4,782          1,056          9,430         42,303
Minnesota                  5,655          3,325          2,573          4,668            372          1,080         13,899          1,824         18,415
Mississippi                3,343          2,854            332          1,801            217          2,338            232         24,303         20,505

Missouri                   9,849         23,377          2,641          5,038            357          2,894          2,006          7,923         43,137
Montana                    1,111          1,132          3,353          1,075             60            344          1,996            403          3,985
Nebraska                   2,007          3,517          1,026          1,380             81            675          6,815            846         11,007
Nevada                     5,259          4,629          8,223          2,916            306          1,058          1,166          1,409         16,795
NewHampshire               2,396            823            458          4,442          3,242            850            139            670          4,436

NewJersey                10,377          2,862          1,441         92,214          2,548          4,945            304          2,657         20,731
NewMexico                 3,256          6,262          1,648          2,770            133          1,128            923          1,180         44,732
NewYork                  23,710          5,271          3,392         60,902          6,466          9,489            955          5,929         41,771
NorthCarolina              33,191          7,077          2,094         30,065          1,971         54,314            887         21,038         39,698
NorthDakota                 862            491            519            624             37            309          3,937            146          2,697

Ohio                           -          7,411          1,701         47,000          1,092          7,119          1,150         12,229         45,043
Oklahoma                   5,133              -          1,875          3,279            294          1,700          1,207          3,695         69,662
Oregon                     2,281          3,438              -          2,156            323            764          1,266          1,166         14,334
Pennsylvania              39,898          3,965          1,807              -          2,760          7,279            737          5,293         28,390
RhodeIsland               1,840            517            242          3,616              -          1,119             71            483          2,725

SouthCarolina            17,568          3,473            800         17,610          1,269              -            485         11,229         18,905
SouthDakota                 830            781            680            474             47            232              -            393          3,189
Tennessee                 20,833          8,981          1,522          8,710            509         10,194            727              -         40,652
Texas                     31,090         95,456          7,488         22,155          1,424         10,467          3,895         21,226              -
Utah                       2,469          2,251          5,298          1,482            129            510          1,096            936          9,332

Vermont                    1,136            216            329          2,420          1,264            251             70            284          1,573
Virginia                  30,123          8,407          3,001         59,286          4,459         21,930          1,202         21,058         52,596
Washington                 7,776          7,601         78,006          6,218            818          3,189          2,686          4,243         34,511
WestVirginia             20,963            821            192         12,504             69          1,441             93          1,940          4,541
Wisconsin                  7,403          2,808          1,606          4,629            493          1,698          2,263          3,119         15,613
Wyoming                      719          1,244          1,057            803             54            271          2,663            306          3,954