Alabama                    6,395         18,788            655          3,341          1,810          9,706            892         20,039          4,566
Alaska                     1,029          2,040            522            886          1,084          2,272          2,331            750          1,221
Arizona                    3,167          5,052          1,348          4,584          6,169         21,398         17,350          1,985         11,934
Arkansas                   1,923         15,577            274          1,088            767          5,592          1,857          6,996         18,093
California                11,203         40,459          5,826         28,371         44,952         56,465         33,974         12,994         35,739

Colorado                   3,326          7,068          1,055          4,950          5,915         10,457         10,355          2,121         10,396
Connecticut                1,065          2,972          4,563          5,471         31,303          3,784          2,132            947          2,430
Delaware                     305            602            339         14,203          1,307          1,051            353            195            543
DistrictOfColumbia            636          1,302            256         23,423          4,221          1,851            771            379            745
Florida                   32,263         42,647         14,574         46,831         81,684         99,552         17,361         18,733         26,078

Georgia                   18,369         32,867          1,692         11,336          9,180         20,696          5,186         14,787         11,754
Hawaii                     1,650          2,086            751          3,102          2,252          2,839          1,776            798          2,290
Idaho                        297            740            187            545            562          1,079          1,361            547          1,488
Illinois                   9,797         10,126          1,079          6,659          8,803         36,195         15,922          9,233         42,476
Indiana                   32,605          4,693            674          3,681          3,267         33,671          4,246          3,122         10,663

Iowa                       1,257          1,694            435          1,143            929          4,142         15,086          1,003         12,188
Kansas                     2,558          3,725            397          1,949          1,421          4,121          3,791          1,393         51,602
Kentucky                       -          4,944            331          2,713          1,883         10,833          1,816          2,528          6,310
Louisiana                  2,747              -            424          2,407          1,490          4,063          1,063         20,821          4,443
Maine                        564          1,387              -          2,295         27,743          2,043            879            590            681

Maryland                   3,991          6,857          2,008              -         11,251          8,141          3,413          2,106          4,460
Massachusetts              2,311          4,064         13,800          8,790              -          7,779          5,016            975          3,540
Michigan                   8,185          6,538          1,249          5,325          5,608              -          8,758          4,294          8,321
Minnesota                  1,423          2,842            673          1,954          3,286          9,902              -          1,108          6,126
Mississippi                2,278         36,353            243          1,648            754          4,094            783              -          4,077

Missouri                   6,039          7,834            614          2,962          2,719          8,520          7,276          4,409              -
Montana                      352            525            145            492            461          1,358          2,833            197          1,037
Nebraska                     755          1,637            280            889            656          1,777          3,969            914          6,922
Nevada                     1,100          3,379            556          1,519          1,981          5,789          3,337          1,210          2,514
NewHampshire                544          1,075         11,258          2,088         83,484          1,929            920            292            906

NewJersey                 2,313          4,759          1,644         12,642         13,433          6,662          2,996          1,555          3,358
NewMexico                   875          2,162            563          1,923          1,948          2,454          1,837            975          2,641
NewYork                   4,108          8,282          5,632         17,359         49,538         15,127          6,262          2,612          6,250
NorthCarolina            13,780         12,881          1,952         21,791         11,115         18,870          4,509          5,710          7,620
NorthDakota                 233            575            204            207            188            924         17,613            163            575

Ohio                      37,389          7,097          1,582         10,025          8,486         48,106          5,366          3,830          9,193
Oklahoma                   2,276          7,970            606          1,849          1,133          4,351          2,567          2,489         14,335
Oregon                       942          2,199            670            950          2,386          3,040          4,374            690          2,906
Pennsylvania               5,008          5,132          2,823         45,327         18,115         13,712          4,021          1,970          5,921
RhodeIsland                 307            778          1,757          1,393         29,790            973            479            280            558

SouthCarolina             6,056          7,228          1,521          8,512          4,967          9,343          1,468          4,596          3,621
SouthDakota                 278            435            156            242            163          1,032         10,524            290            937
Tennessee                 30,467         16,557          1,079          6,042          3,300         21,856          3,140         25,336         10,691
Texas                     12,901        102,994          2,475         13,773         10,536         30,245         15,986         20,291         32,970
Utah                         667          1,239            362          1,293          1,111          2,359          1,529            761          2,197

Vermont                      231            499          2,276            899         13,632            581            435            162            313
Virginia                  12,717         14,342          4,878         70,784         14,850         16,196          4,999          7,211          9,199
Washington                 2,380          6,003          1,190          4,628          5,125          8,436         11,295          2,319          6,430
WestVirginia              5,362          1,108            369         14,208            703          2,699            434            343            761
Wisconsin                  1,612          3,054            584          2,177          3,013         17,597         40,768          3,046          5,292
Wyoming                      361            839            157            244            298            810            954            183            912