Alabama                    1,164            172          9,009          3,283          1,798          2,126            364
Alaska                     1,450            190          2,458         12,003            272          1,208          1,110
Arizona                   18,018            915          6,937         17,255          1,381         14,756          8,092
Arkansas                   1,182            177          2,639          2,182            587          3,771            967
California                51,265          3,132         46,849         99,980          4,503         27,847         12,762

Colorado                  12,398            943          8,776         10,611            956          7,555         14,482
Connecticut                1,111          2,822          7,785          2,269            845          2,218            326
Delaware                     358            194          4,401            395          1,168            569             67
DistrictOfColumbia            165            377         12,723          2,369            499            882             80
Florida                    5,028          6,215         66,913         12,326         20,808         30,908          2,465

Georgia                    2,823            552         25,470          7,200          5,792          7,473            977
Hawaii                     2,252            274          6,856          8,538            376          1,761            520
Idaho                     11,837             73          1,498         19,696            131          1,134          3,741
Illinois                   3,371            400         13,218          6,711          2,379         47,824          1,868
Indiana                    1,630            374          7,509          2,887          2,830         11,252          1,026

Iowa                       1,243            161          2,229          2,277            235          8,749          1,086
Kansas                     1,464            161          4,554          3,896            625          2,289          2,338
Kentucky                     769            271          8,270          2,411          7,132          2,764            596
Louisiana                    756            191          5,190          2,369            805          1,437            705
Maine                        488          2,655          4,209          1,384            352            974            294

Maryland                   1,913          1,019         64,014          5,063         12,162          3,418            551
Massachusetts              1,647          7,998         11,749          4,379          1,004          4,564            520
Michigan                   2,531            461          9,400          5,776          2,792         17,163          1,730
Minnesota                  1,707            240          3,120          5,735            374         46,822          1,959
Mississippi                  491             69          3,813          1,205            483          2,231            457

Missouri                   2,579            301          7,010          4,577          1,041          5,783          2,074
Montana                    2,635            100            929          7,876            238          1,228          5,674
Nebraska                   1,495             39          1,984          2,037            446          1,903          4,249
Nevada                    16,874            174          2,828          7,560            509          3,791          6,744
NewHampshire                506          8,016          2,875          1,071            347            807            170

NewJersey                 1,332          1,157         13,887          3,540          1,941          2,955            383
NewMexico                 3,501            189          2,927          2,989            389          1,924          2,724
NewYork                   2,865          7,819         24,065          8,447          2,495          5,113          1,393
NorthCarolina             1,821          1,546         76,049          5,464         27,784          6,761          1,099
NorthDakota                 543             34            535          1,213             72          1,272          1,060

Ohio                       2,850            616         18,106          5,052         27,622          8,242          1,494
Oklahoma                   1,850            214          3,589          3,762            855          2,241          1,971
Oregon                     7,387            379          2,858         59,020            330          2,787          3,606
Pennsylvania               2,160          1,705         30,468          5,093         12,079          4,870          1,183
RhodeIsland                 276            695          4,200            882            240            535             81

SouthCarolina             1,199            623         21,770          2,745          8,499          3,009            519
SouthDakota                 561             62            604          1,275            177          1,553          3,242
Tennessee                  1,777            407         22,077          3,939          4,432          5,701            630
Texas                     10,304            897         25,300         17,478          4,021         15,317          5,761
Utah                           -            234          2,817          7,685            460          1,550          7,678

Vermont                      169              -          1,505            565            211            387            247
Virginia                   3,604          1,653              -          9,632         31,760          6,507            996
Washington                13,508            587          8,769              -            719          5,938          5,438
WestVirginia                524            143         16,497            547              -            529            210
Wisconsin                  1,503            317          3,941          3,690            543              -          1,270
Wyoming                    4,349             27            516          1,547            134            624              -