Alabama                      369          1,078            746            537          4,288          1,640          8,065          9,253            463
Alaska                     2,434            819          1,030            456            773          1,451          2,199          2,146            904
Arizona                    7,448          7,982         10,934          1,766         10,702         23,080         23,753          5,377          4,493
Arkansas                     325          2,400          1,010            157          1,011          2,142          2,513          2,955            399
California                16,442         16,397         51,894          6,351         45,297         29,828        124,561         26,283          9,024

Colorado                   6,471         16,799          4,261          1,375          7,020         15,604         14,327          4,689          4,894
Connecticut                  541            682            505          4,613         18,136            733         77,338          4,581            443
Delaware                      32            212            180            254         11,989            197          6,628          2,173            187
DistrictOfColumbia            194            367            143            483          4,297            218         11,052          3,531            121
Florida                    3,320          6,823          7,165         17,715        150,954          7,326        361,295         50,175          2,883

Georgia                      909          2,155          1,486          1,829         19,340          2,809         39,961         40,326          1,196
Hawaii                     1,057            815          1,534            504          2,144          1,191          5,672          4,759            354
Idaho                      7,265          1,203          4,215            155            533          1,259          1,230            688          1,114
Illinois                   1,892          6,886          2,992          1,490         11,517          3,590         23,748          8,228          1,694
Indiana                      969          2,070          1,323            737          4,963          1,852         10,811          6,235            771

Iowa                       1,294         16,719            678            320          1,256          1,271          2,833          1,818          1,712
Kansas                     1,374         12,700          1,125            251          2,415          2,987          3,776          3,081          1,410
Kentucky                     392            902            806            510          2,998          1,020          6,139          7,938            586
Louisiana                    476            942            764            233          2,368          1,516          5,610          4,403            459
Maine                        389            475            389         15,393          4,877            483          9,365          2,072            331

Maryland                     829          1,614            993          1,581         24,168          2,030         41,978         16,518            941
Massachusetts                890          1,055            925         25,890         25,446          1,367         76,228          6,487            500
Michigan                   1,562          2,841          2,630          1,289          7,041          2,355         17,150          8,818          1,512
Minnesota                  4,924          6,252          1,351            876          3,002          1,381          6,662          2,687         26,677
Mississippi                  232            508            536            331          1,136            746          2,791          2,554            273

Missouri                   1,805         10,102          1,893            615          3,951          2,885          7,774          5,461          1,235
Montana                        -          1,106          1,295            206            710          1,200          1,193            728          4,489
Nebraska                   1,654              -            685            249            587          1,302          1,821          1,054          2,457
Nevada                     5,423          1,939              -            548          4,378          7,050          8,779          1,784          1,439
NewHampshire                368            677            402              -          5,256            520         13,806          1,451            308

NewJersey                   418            876          1,363          1,829              -          1,137        218,617          8,969            652
NewMexico                 1,666          1,791          1,972            560          1,798              -          5,638          1,781          1,165
NewYork                   1,539          2,613          2,335          8,834         95,814          2,768              -         17,944          1,234
NorthCarolina               981          2,263          1,599          2,514         32,476          2,404         63,243              -          1,042
NorthDakota               4,272          1,134            329             68            204            460            621            412              -

Ohio                       1,187          3,207          2,519          1,715         11,867          3,121         29,991         14,511          1,488
Oklahoma                   1,304          3,173          1,521            571          2,258          5,679          4,381          3,706            866
Oregon                     8,350          2,073          7,762            875          1,643          3,068          4,286          2,032          1,843
Pennsylvania                 985          1,616          1,565          3,401        137,613          2,068        102,237         15,831            975
RhodeIsland                 188            334            150          1,978          5,209            239         13,386          1,236            140

SouthCarolina               680          1,427          1,455          1,854         14,074          1,466         28,325         52,710            763
SouthDakota               1,838          6,057            520            238            251            634            929            462          6,092
Tennessee                    523          1,541          1,305          1,140          6,404          1,865         12,805         19,975            563
Texas                      4,025         13,226          6,495          2,456         18,862         42,001         38,774         19,416          4,982
Utah                       3,491          1,612          6,744            522          1,233          3,718          2,744          1,337          1,093

Vermont                      213            105            178          7,814          4,101            196         12,859            932             75
Virginia                   1,671          4,082          2,351          3,664         35,375          3,769         68,152         55,330          1,480
Washington                24,817          3,832          7,337          1,474          5,081          5,885         11,796          5,848          4,840
WestVirginia                203            173            233            165          3,175            391          3,485          4,015            176
Wisconsin                  1,452          2,594          1,575            603          2,836          1,279          6,454          2,826          2,489
Wyoming                    6,044          3,413            869             81            296          1,037            726            359          1,791